0,1,2,3,4,5,6,7,8,9,10,11,12,13,14,15,16,17,18,19,20,21,22,23,24,25,26,27,28,29,30,31,32,33,34,35,36,37,38,39,40,41,42,43,44,45,46,47,48,49,50,51,52,53,54,55,56,57,58,59,60,61,62,63,64,65,66,67,68,69,70,71,72,73,74,75,76,77,78,79,80,81,82,83,84,85,86,87,88,89,90,91,92,93,94,95,96,97,98,99,100,101,102,103,104,105,106,107,108,109,110,111,112,113,114,115,116,117,118,119,120,121,122,123,124,125,126,127,128,129,130,131,132,133,134,135,136,137,138,139,140
396,162,231,229,208,209,186,168,180,180,170,179,195,218,220,217,201,169,179,143,168,191,173,159,187,92,121,117,185,181,202,87,185,94,41,201,180,180,222,208,91,120,75,210,50,37,124,62,58,190,98,205,100,100,109,116,204,182,61,64,145,7,126,144,151,142,114,56,44,40,46,127,154,188,120,61,56,70,116,179,63,195,181,122,74,19,33,83,161,157,72,43,71,168,74,87,27,176,178,176,174,173,174,200,183,175,239,209,226,179,214,193,206,211,231,214,251,198,199,226,216,226,117,30,28,176,223,150,156,246,158,164,169,195,57,178,173,180,187,188,133
405,172,240,238,217,218,196,177,189,190,179,188,204,228,229,226,211,165,175,139,163,187,169,155,182,88,116,112,181,190,211,83,195,90,36,210,189,181,231,217,86,116,71,211,46,33,120,58,54,191,107,207,97,97,106,114,205,184,57,59,141,16,121,140,147,138,110,52,40,36,42,123,150,184,115,57,52,66,112,175,59,191,177,117,70,20,42,79,157,153,70,39,67,164,71,83,36,185,187,186,184,182,183,210,193,184,248,218,235,188,224,202,215,220,241,223,260,208,209,235,225,236,115,25,24,186,233,159,165,247,167,173,170,204,66,179,175,181,189,189,129
400,167,236,234,213,214,191,173,185,185,174,184,200,223,224,222,206,162,172,136,161,184,166,152,179,85,113,109,178,185,206,80,190,87,34,206,184,185,227,213,84,113,68,215,43,30,117,55,51,194,103,210,94,94,103,111,209,187,54,57,138,9,119,137,144,135,107,49,37,33,39,120,147,181,113,54,49,63,109,172,56,188,174,114,67,13,37,76,154,150,67,36,64,161,67,79,31,181,183,181,179,178,178,205,188,180,244,213,231,184,219,198,210,216,236,219,256,203,204,231,221,231,112,22,21,181,228,155,161,251,163,168,174,200,61,183,178,185,192,193,126
397,164,233,231,210,211,188,170,182,182,172,181,197,220,221,219,203,162,172,136,161,184,166,152,180,85,114,110,179,182,203,80,187,87,34,203,181,182,224,210,84,113,68,212,43,30,117,55,52,191,100,207,94,94,103,111,206,184,54,57,138,6,119,137,144,135,107,49,37,34,39,120,147,181,113,54,49,64,109,172,56,188,174,115,67,11,35,77,154,150,67,36,64,161,67,80,28,178,180,178,176,175,175,202,185,177,241,210,228,181,216,195,207,213,233,216,253,200,201,228,218,228,112,23,21,178,225,152,158,248,160,165,171,197,58,180,175,182,189,190,126
398,165,234,232,211,212,189,171,183,184,173,182,198,221,223,220,204,161,171,135,159,183,165,151,178,84,112,108,177,184,205,79,188,86,32,204,183,183,225,211,82,112,67,213,42,29,116,54,50,193,101,208,93,93,102,110,207,186,52,55,137,7,117,136,143,134,106,48,36,32,38,119,146,180,111,53,48,62,108,171,55,187,173,113,66,11,36,75,153,149,66,35,63,160,66,78,30,179,181,180,177,176,177,203,186,178,242,212,229,182,217,196,209,214,234,217,254,201,202,229,219,229,111,21,20,179,226,153,159,249,161,167,172,198,59,181,177,183,190,191,125
400,168,236,235,213,214,192,174,185,186,175,184,200,224,225,222,207,163,172,137,161,185,166,152,180,86,114,110,179,186,207,81,191,88,34,206,185,186,227,213,84,114,69,215,43,30,118,55,52,195,103,211,95,95,104,111,209,188,54,57,138,9,119,137,145,136,107,49,37,34,39,120,147,182,113,54,49,64,109,173,56,188,174,115,67,14,38,77,155,150,67,37,65,161,67,80,32,182,183,182,180,178,179,206,189,180,244,214,231,185,220,199,211,216,237,219,256,204,205,231,221,232,112,23,22,182,229,155,162,251,163,169,174,200,62,183,179,185,193,193,127
400,167,236,234,213,213,191,173,185,185,174,183,200,223,224,221,206,162,172,136,160,184,166,152,179,85,113,109,178,185,206,80,190,87,33,205,184,185,227,212,83,113,68,214,43,30,117,55,51,194,103,210,94,94,103,111,209,187,53,56,137,9,118,136,144,135,106,49,36,33,39,120,147,181,112,54,49,63,108,172,56,187,174,114,67,13,37,76,154,150,67,36,64,160,66,79,31,181,183,181,179,178,178,205,188,180,244,213,230,184,219,198,210,215,236,219,255,203,204,230,221,231,112,22,21,181,228,155,161,250,163,168,174,200,61,182,178,184,192,193,126
400,167,235,234,212,213,191,173,184,185,174,183,200,223,224,221,206,162,171,136,160,184,165,152,179,85,113,109,178,185,206,80,190,87,33,205,184,185,226,212,83,113,68,214,43,29,117,55,51,194,102,210,94,94,103,111,209,187,53,56,137,8,118,136,144,135,106,49,36,33,38,120,147,181,112,54,48,63,108,172,55,187,174,114,67,13,37,76,154,150,67,36,64,160,66,79,31,181,182,181,179,178,178,205,188,180,244,213,230,184,219,198,210,215,236,219,255,203,204,230,221,231,111,22,21,181,228,154,161,250,162,168,173,199,61,182,178,184,192,192,126
402,168,237,235,214,215,192,174,186,187,176,185,201,224,226,223,207,162,172,136,160,184,166,152,179,85,113,109,178,187,208,80,192,87,33,207,186,186,228,214,83,113,68,216,43,30,117,55,51,196,104,212,94,94,103,111,210,189,54,56,138,10,118,136,144,135,107,49,36,33,39,120,147,181,112,54,49,63,109,172,56,188,174,114,67,14,39,76,154,150,67,36,64,160,67,79,33,182,184,183,180,179,180,206,190,181,245,215,232,185,220,199,212,217,238,220,257,204,205,232,222,233,112,22,21,183,229,156,162,252,164,170,175,201,63,184,180,186,194,194,126
400,167,235,234,212,213,191,173,184,185,174,183,200,223,224,221,206,162,171,136,160,184,165,152,179,85,113,109,178,185,206,80,190,87,33,205,184,185,226,212,83,113,68,214,43,29,117,55,51,194,102,210,94,94,103,111,209,187,53,56,137,8,118,136,144,135,106,49,36,33,38,120,147,181,112,54,48,63,108,172,55,187,174,114,67,13,37,76,154,150,67,36,64,160,66,79,31,181,182,181,179,178,178,205,188,180,244,213,230,184,219,198,210,215,236,219,255,203,204,230,221,231,111,22,21,181,228,154,161,250,162,168,173,199,61,182,178,184,192,192,126
402,169,238,236,215,215,193,175,187,187,176,185,202,225,226,224,208,162,171,136,160,183,165,151,179,85,113,109,178,187,208,80,192,87,33,207,186,187,229,214,83,113,68,217,42,29,116,54,51,196,105,212,93,93,102,110,211,189,53,56,137,11,118,136,144,134,106,48,36,33,38,119,146,180,112,53,48,63,108,172,55,187,173,114,66,13,39,76,154,149,66,35,64,160,66,79,33,183,185,183,181,180,180,207,190,182,246,215,233,186,221,200,212,217,238,221,257,205,206,232,223,233,111,22,20,183,230,157,163,252,165,170,176,202,63,184,180,186,194,195,125
402,169,238,236,215,215,193,175,187,187,176,185,202,225,226,224,208,162,171,136,160,183,165,151,179,85,113,109,178,187,208,80,192,87,33,207,186,187,229,214,83,113,68,217,42,29,116,54,51,196,105,212,93,93,102,110,211,189,53,56,137,11,118,136,144,134,106,48,36,33,38,119,146,180,112,53,48,63,108,172,55,187,173,114,66,13,39,76,154,149,66,35,64,160,66,79,33,183,185,183,181,180,180,207,190,182,246,215,233,186,221,200,212,217,238,221,257,205,206,232,223,233,111,22,20,183,230,157,163,252,165,170,176,202,63,184,180,186,194,195,125
403,170,238,236,215,216,194,175,187,188,177,186,202,226,227,224,209,161,170,135,159,183,164,151,178,84,112,108,177,188,209,79,193,86,32,208,187,188,229,215,82,112,67,217,42,28,116,54,50,197,105,213,93,93,102,110,211,190,52,55,136,11,117,135,143,134,105,48,35,32,38,119,146,180,111,53,48,62,107,171,54,186,173,113,66,13,40,75,153,149,66,35,63,159,66,78,34,183,185,184,182,180,181,208,191,182,246,216,233,186,222,200,213,218,239,221,258,206,207,233,223,234,110,21,20,184,231,157,163,253,165,171,176,202,64,185,181,187,195,195,125
405,175,244,242,221,222,199,181,193,193,183,192,208,231,232,230,214,162,171,135,160,183,165,151,179,85,113,109,178,193,214,80,198,86,33,214,192,185,235,221,83,113,67,215,42,29,116,54,51,194,111,210,93,93,102,110,209,187,53,56,137,19,118,136,143,134,106,48,36,33,38,119,146,180,112,53,48,63,108,172,55,187,173,114,66,16,46,76,153,149,66,35,63,160,67,80,39,189,191,189,187,186,187,213,196,188,252,222,239,192,227,206,219,224,244,227,264,211,212,239,229,239,111,22,20,189,236,163,169,251,171,177,174,208,70,183,178,185,192,193,125
403,170,239,237,216,217,194,176,188,188,178,187,203,226,227,225,209,160,170,134,159,182,164,150,178,84,112,108,177,188,209,78,193,85,32,209,187,188,230,216,82,111,66,218,41,28,115,53,50,197,106,213,92,92,101,109,212,190,52,55,136,12,117,135,142,133,105,47,35,32,37,118,145,179,111,52,47,62,107,171,54,186,172,113,65,12,40,75,152,148,65,34,62,159,65,78,34,184,186,184,182,181,181,208,191,183,247,216,234,187,222,201,213,219,239,222,259,206,207,234,224,234,110,21,19,184,231,158,164,254,166,171,177,203,64,186,181,188,195,196,124
404,176,244,243,222,222,200,182,193,194,183,192,209,232,233,230,215,161,170,135,159,183,164,150,178,84,112,108,177,194,215,79,199,86,32,214,193,186,236,221,82,112,67,215,41,28,116,53,50,195,111,211,93,93,102,110,210,188,52,55,136,19,117,135,143,134,105,47,35,32,37,118,146,180,111,53,47,62,107,171,54,186,173,113,65,16,46,75,153,148,66,35,63,159,66,79,40,190,191,190,188,187,187,214,197,189,253,222,239,193,228,207,219,224,245,228,264,212,213,239,230,240,110,21,20,190,237,164,170,251,171,177,174,208,70,183,179,185,193,193,125
403,170,239,237,216,217,194,176,188,188,178,187,203,226,227,225,209,160,170,134,159,182,164,150,178,83,112,108,176,188,209,78,193,85,32,209,187,188,230,216,82,111,66,218,41,28,115,53,50,198,106,213,92,92,101,109,212,190,52,55,136,12,117,135,142,133,105,47,35,32,37,118,145,179,111,52,47,62,107,170,54,186,172,113,65,12,40,74,152,148,65,34,62,159,65,78,34,184,186,184,182,181,182,208,191,183,247,217,234,187,222,201,214,219,239,222,259,206,207,234,224,234,110,21,19,184,231,158,164,254,166,172,177,203,64,186,181,188,195,196,124
404,176,245,243,222,223,200,182,194,194,184,193,209,232,233,231,215,160,170,134,159,182,164,150,178,84,112,108,177,194,215,78,199,85,32,215,193,186,236,222,82,112,66,216,41,28,115,53,50,195,112,211,92,92,101,109,210,188,52,55,136,19,117,135,142,133,105,47,35,32,37,118,145,179,111,52,47,62,107,171,54,186,172,113,65,15,46,75,152,148,65,34,62,159,66,79,40,190,192,190,188,187,188,214,197,189,253,223,240,193,228,207,220,225,245,228,265,212,213,240,230,240,110,21,19,190,237,164,170,252,172,178,175,209,70,184,179,186,193,194,124
402,171,240,238,217,218,195,177,189,189,178,187,204,227,228,226,210,160,169,133,158,181,163,149,177,83,111,107,176,189,210,78,194,84,31,210,188,186,231,217,81,111,65,216,40,27,114,52,49,196,107,211,91,91,100,108,210,189,51,54,135,13,116,134,141,132,104,46,34,31,36,117,144,178,110,51,46,61,106,170,53,185,171,112,64,11,41,74,151,147,64,33,61,158,64,77,35,185,187,185,183,182,182,209,192,184,248,217,235,188,223,202,214,219,240,223,260,207,208,235,225,235,109,20,18,185,232,159,165,252,167,172,175,204,65,184,180,186,193,194,123
402,171,240,238,217,218,195,177,189,190,179,188,204,227,229,226,210,159,169,133,157,181,163,149,176,82,110,106,175,190,211,77,195,84,30,210,189,189,231,217,80,110,65,219,40,27,114,52,48,199,107,215,91,91,100,108,213,192,50,53,135,13,115,133,141,132,104,46,33,30,36,117,144,178,109,51,46,60,106,169,53,184,171,111,64,11,41,73,151,147,64,33,61,157,64,76,36,185,187,186,183,182,183,209,192,184,248,218,235,188,223,202,215,220,241,223,260,207,208,235,225,236,109,19,18,186,232,159,165,255,167,173,178,204,65,187,183,189,197,197,123
401,172,240,239,218,218,196,178,189,190,179,188,205,228,229,226,211,159,168,133,157,181,162,148,176,82,110,106,175,190,211,77,195,84,30,210,189,190,232,217,80,110,65,219,39,26,114,51,48,199,107,215,91,91,100,107,214,192,50,53,134,13,115,133,141,132,103,45,33,30,35,116,143,178,109,50,45,60,105,169,52,184,170,111,63,10,41,73,151,146,63,33,61,157,63,76,36,186,187,186,184,183,183,210,193,184,249,218,235,189,224,203,215,220,241,224,260,208,209,235,226,236,108,19,18,186,233,159,166,255,167,173,178,204,65,187,183,189,197,197,122
401,173,241,239,218,219,197,178,190,191,180,189,205,229,230,227,212,158,168,132,156,180,162,148,175,81,109,105,174,191,212,76,196,83,30,211,190,191,232,218,79,109,64,220,39,26,113,51,47,200,108,216,90,90,99,107,214,193,50,52,134,14,114,133,140,131,103,45,33,29,35,116,143,177,108,50,45,59,105,168,52,184,170,110,63,11,41,72,150,146,63,32,60,157,64,76,37,186,188,187,185,183,184,211,194,185,249,219,236,190,225,204,216,221,242,224,261,209,210,236,226,237,108,18,17,187,234,160,166,256,168,174,179,205,65,188,184,190,198,198,122
401,173,242,240,219,220,197,179,191,191,181,190,206,229,230,228,212,158,167,132,156,179,161,147,175,81,109,105,174,192,212,76,196,82,29,212,190,190,233,219,79,109,63,219,38,25,112,50,47,199,109,215,89,89,98,106,214,192,49,52,133,15,114,132,139,130,102,44,32,29,34,115,142,176,108,49,44,59,104,168,51,183,169,110,62,11,42,72,150,145,62,31,59,156,63,76,38,187,189,187,185,184,185,211,194,186,250,220,237,190,225,204,217,222,242,225,262,209,210,237,227,237,107,18,16,187,234,161,167,255,169,175,179,206,66,187,183,189,197,198,121
400,174,242,241,219,220,198,180,191,192,181,190,206,230,231,228,213,157,166,131,155,179,160,146,174,80,108,104,173,192,213,75,197,82,28,212,191,190,233,219,78,108,63,219,37,24,112,49,46,199,109,215,89,89,98,105,214,192,48,51,132,15,113,131,139,130,101,43,31,28,33,114,141,176,107,48,43,58,103,167,50,182,168,109,61,11,42,71,149,144,61,31,59,155,62,75,38,188,189,188,186,184,185,212,195,186,251,220,237,191,226,205,217,222,243,226,262,210,211,237,227,238,106,17,16,188,235,161,168,255,169,175,178,206,66,187,183,189,197,197,121
401,173,242,240,219,220,197,179,191,192,181,190,206,229,231,228,212,157,167,131,156,179,161,147,175,80,109,105,174,192,213,75,196,82,29,212,191,190,233,219,79,108,63,219,38,25,112,50,47,199,109,215,89,89,98,106,214,192,49,52,133,15,114,132,139,130,102,44,32,29,34,115,142,176,108,49,44,59,104,168,51,183,169,110,62,11,42,72,149,145,62,31,59,156,63,76,38,187,189,188,185,184,185,211,194,186,250,220,237,190,225,204,217,222,242,225,262,209,210,237,227,237,107,18,16,187,234,161,167,255,169,175,178,206,66,187,183,189,197,197,121
399,173,242,240,219,219,197,179,191,191,180,189,206,229,230,228,212,156,165,130,154,178,159,146,173,79,107,103,172,191,212,74,196,81,27,211,190,191,233,218,77,107,62,221,37,23,111,49,45,200,109,216,88,88,97,105,215,193,48,50,131,15,112,130,138,129,100,43,30,27,33,114,141,175,106,48,43,57,102,166,50,181,168,108,61,11,41,70,148,144,61,30,58,154,62,74,37,187,189,187,185,184,184,211,194,186,250,219,237,190,225,204,216,221,242,225,261,209,210,236,227,237,105,16,15,187,234,161,167,257,169,174,180,206,65,188,184,190,198,198,120
400,174,242,241,219,220,198,180,191,192,181,190,206,230,231,228,213,157,166,131,155,179,160,146,174,80,108,104,173,192,213,75,197,82,28,212,191,192,233,219,78,108,63,221,37,24,112,49,46,201,109,217,89,89,98,106,216,194,48,51,132,15,113,131,139,130,101,43,31,28,33,114,141,176,107,49,43,58,103,167,50,182,168,109,61,12,42,71,149,144,62,31,59,155,62,75,38,188,189,188,186,184,185,212,195,186,251,220,237,191,226,205,217,222,243,226,262,210,211,237,228,238,106,17,16,188,235,161,168,257,169,175,180,206,66,189,185,191,199,199,121
402,173,241,240,218,219,197,179,190,191,180,189,205,229,230,227,212,158,167,132,156,180,161,148,175,81,109,105,174,191,212,76,196,83,29,211,190,190,232,218,79,109,64,220,39,26,113,51,47,200,108,216,90,90,99,107,214,193,50,52,133,14,114,132,140,131,102,45,32,29,35,116,143,177,108,50,45,59,104,168,52,183,170,110,63,11,41,72,150,146,63,32,60,156,64,76,37,187,188,187,185,183,184,211,194,185,250,219,236,190,225,204,216,221,242,225,261,209,210,236,226,237,107,18,17,187,234,160,167,256,168,174,179,205,65,188,184,190,198,198,122
400,174,243,241,220,220,198,180,192,192,181,190,207,230,231,228,213,157,166,131,155,179,160,147,174,80,108,104,173,192,213,75,197,82,28,212,191,191,234,219,78,108,63,222,38,24,112,50,46,201,110,217,89,89,98,106,216,193,49,51,132,16,113,131,139,130,101,44,31,28,34,115,142,176,107,49,44,58,103,167,50,182,169,109,62,12,42,71,149,145,62,31,59,155,63,75,38,188,190,188,186,185,185,212,195,187,251,220,238,191,226,205,217,222,243,226,262,210,211,237,228,238,106,17,16,188,235,162,168,258,170,175,180,207,66,189,184,191,198,199,121
400,168,237,235,214,215,192,174,186,186,176,185,201,224,226,223,207,158,168,132,156,180,162,148,175,81,109,105,174,187,208,76,191,83,29,207,186,186,228,214,79,109,64,216,39,26,113,51,47,196,104,211,90,90,99,107,210,188,49,52,134,10,114,132,140,131,103,45,33,29,35,116,143,177,108,50,45,59,105,168,52,184,170,110,63,10,39,72,150,146,63,32,60,157,63,75,33,182,184,183,180,179,180,206,189,181,245,215,232,185,220,199,212,217,237,220,257,204,205,232,222,232,108,18,17,182,229,156,162,252,164,170,175,201,62,184,180,186,193,194,122
396,157,226,224,203,203,181,163,175,175,164,173,190,213,214,211,196,172,181,146,170,194,175,161,189,95,123,119,188,175,196,90,180,97,43,195,174,175,217,202,93,123,78,204,52,39,127,64,61,184,93,200,94,94,103,111,199,177,63,66,147,8,128,146,154,145,116,58,46,43,48,129,156,191,122,63,58,73,118,182,65,197,183,124,76,21,28,86,164,159,66,46,74,170,76,89,21,171,173,171,169,168,168,195,178,170,234,203,220,174,209,188,200,205,226,209,245,193,194,220,211,221,112,32,31,171,218,145,151,240,153,158,164,190,52,172,168,174,182,183,136
396,157,226,224,203,203,181,163,175,175,164,173,190,213,214,212,196,171,180,145,169,193,175,161,188,94,122,118,187,175,196,89,180,96,42,196,174,175,217,202,92,122,77,205,52,39,126,64,60,184,93,200,94,94,103,111,199,177,62,65,146,7,127,145,153,144,116,58,45,42,48,129,156,190,121,63,58,72,118,181,65,196,183,123,76,20,28,85,163,159,66,45,73,169,76,88,21,171,173,171,169,168,168,195,178,170,234,203,221,174,209,188,200,205,226,209,245,193,194,220,211,221,112,31,30,171,218,145,151,241,153,158,164,190,52,173,168,174,182,183,135
396,157,226,224,203,204,181,163,175,175,165,174,190,213,214,212,196,171,180,145,169,193,174,160,188,94,122,118,187,176,196,89,180,96,42,196,174,175,217,203,92,122,77,205,51,38,126,63,60,185,93,200,94,95,104,111,199,177,62,65,146,7,127,145,153,144,115,57,45,42,47,128,155,190,121,63,57,72,117,181,64,196,182,123,75,20,29,85,163,158,67,45,73,169,75,88,22,171,173,171,169,168,169,195,178,170,234,204,221,174,209,188,201,206,226,209,246,193,194,221,211,221,112,31,30,171,218,145,151,241,153,159,164,190,52,173,168,175,182,183,135
396,158,226,225,203,204,182,164,175,176,165,174,190,214,215,212,197,170,180,144,169,192,174,160,188,94,122,118,187,176,197,88,181,95,42,196,175,176,217,203,92,121,76,205,51,38,125,63,60,185,93,201,95,95,104,112,199,178,62,65,146,7,127,145,152,143,115,57,45,42,47,128,155,189,121,62,57,72,117,181,64,196,182,123,75,19,29,85,162,158,67,44,72,169,75,88,22,172,173,172,170,168,169,196,179,170,234,204,221,175,210,189,201,206,227,209,246,194,195,221,211,222,112,31,29,172,219,145,152,241,153,159,164,190,53,173,169,175,183,183,134
396,158,226,225,203,204,182,164,175,176,165,174,190,214,215,212,197,170,180,144,169,192,174,160,188,93,122,118,186,176,197,88,181,95,42,196,175,176,217,203,92,121,76,205,51,38,125,63,60,185,93,201,95,95,104,112,200,178,62,65,146,6,127,145,152,143,115,57,45,41,47,128,155,189,121,62,57,72,117,180,64,196,182,123,75,19,29,84,162,158,67,44,72,169,75,87,22,172,173,172,170,168,169,196,179,170,235,204,221,175,210,189,201,206,227,210,246,194,195,221,212,222,113,30,29,172,219,145,152,241,153,159,164,190,53,173,169,175,183,183,134
395,158,227,225,204,204,182,164,176,176,165,174,191,214,215,213,197,170,179,144,168,191,173,159,187,93,121,117,186,176,197,88,181,95,41,196,175,176,218,203,91,121,75,206,50,37,124,62,59,185,94,201,95,95,104,112,200,178,61,64,145,6,126,144,151,142,114,56,44,41,46,127,154,188,120,61,56,71,116,180,63,195,181,122,74,18,29,84,162,157,67,43,71,168,74,87,22,172,174,172,170,169,169,196,179,171,235,204,222,175,210,189,201,206,227,210,246,194,195,221,212,222,113,30,28,172,219,146,152,241,154,159,165,191,53,174,169,175,183,184,133
394,158,226,225,204,204,182,164,175,176,165,174,191,214,215,212,197,169,178,143,167,191,172,158,186,92,120,116,185,176,197,87,181,94,40,196,175,176,218,203,90,120,75,205,49,36,123,61,58,185,93,201,95,95,104,112,200,178,60,63,144,5,125,143,151,142,113,55,43,40,45,126,153,188,119,60,55,70,115,179,62,194,180,121,73,17,29,83,161,156,67,43,71,167,73,86,22,172,173,172,170,169,169,196,179,171,235,204,221,175,210,189,201,206,227,210,246,194,195,221,212,222,113,29,28,172,219,146,152,241,153,159,164,190,53,173,169,175,183,183,132
394,158,227,225,204,205,182,164,176,176,166,175,191,214,215,213,197,168,178,142,167,190,172,158,186,92,120,116,185,176,197,86,181,93,40,197,175,176,218,204,90,119,74,206,49,36,123,61,58,185,94,201,95,95,104,112,200,178,60,63,144,4,125,143,150,141,113,55,43,40,45,126,153,187,119,60,55,70,115,179,62,194,180,121,73,17,29,83,160,156,68,42,70,167,73,86,22,172,174,172,170,169,169,196,179,171,235,204,222,175,210,189,201,207,227,210,247,194,195,222,212,222,113,29,27,172,219,146,152,242,154,159,165,191,53,174,169,176,183,184,132
393,158,227,225,204,205,182,164,176,176,166,175,191,214,215,213,197,168,178,142,167,190,172,158,186,91,120,116,184,176,197,86,181,93,40,197,175,176,218,204,90,119,74,206,49,36,123,61,58,186,94,201,95,95,104,112,200,178,60,63,144,4,125,143,150,141,113,55,43,40,45,126,153,187,119,60,55,70,115,178,62,194,180,121,73,17,29,82,160,156,68,42,70,167,73,86,22,172,174,172,170,169,170,196,179,171,235,205,222,175,210,189,202,207,227,210,247,194,195,222,212,222,113,29,27,172,219,146,152,242,154,160,165,191,53,174,169,176,183,184,132
393,158,227,225,204,205,182,164,176,177,166,175,191,214,216,213,197,168,178,142,167,190,172,158,185,91,119,115,184,177,198,86,181,93,40,197,176,176,218,204,90,119,74,206,49,36,123,61,57,186,94,201,96,96,105,112,200,178,60,63,144,4,125,143,150,141,113,55,43,39,45,126,153,187,118,60,55,69,115,178,62,194,180,120,73,17,30,82,160,156,68,42,70,167,73,85,23,172,174,173,170,169,170,196,179,171,235,205,222,175,210,189,202,207,227,210,247,194,195,222,212,222,113,28,27,172,219,146,152,242,154,160,165,191,53,174,170,176,183,184,132
393,159,227,225,204,205,183,164,176,177,166,175,191,215,216,213,198,168,177,142,166,190,171,158,185,91,119,115,184,177,198,86,182,93,39,197,176,177,218,204,89,119,74,206,49,35,123,61,57,186,94,202,96,96,105,113,200,179,59,62,143,4,124,142,150,141,112,55,42,39,44,126,153,187,118,60,54,69,114,178,61,193,180,120,73,17,30,82,160,156,68,42,70,166,72,85,23,172,174,173,171,169,170,197,180,171,235,205,222,176,211,190,202,207,228,210,247,195,196,222,212,223,113,28,27,173,220,146,152,242,154,160,165,191,53,174,170,176,184,184,132
393,159,227,226,204,205,183,165,176,177,166,175,191,215,216,213,198,168,177,142,166,190,171,157,185,91,119,115,184,177,198,86,182,93,39,197,176,177,218,204,89,119,74,206,48,35,123,60,57,186,94,202,96,96,105,113,201,179,59,62,143,4,124,142,150,141,112,54,42,39,44,125,152,187,118,60,54,69,114,178,61,193,179,120,72,17,30,82,160,155,68,42,70,166,72,85,23,173,174,173,171,169,170,197,180,171,236,205,222,176,211,190,202,207,228,211,247,195,196,222,212,223,114,28,27,173,220,146,153,242,154,160,165,191,54,174,170,176,184,184,132
393,159,227,226,205,205,183,165,176,177,166,175,192,215,216,213,198,168,177,142,166,189,171,157,185,91,119,115,184,177,198,86,182,93,39,197,176,177,219,204,89,119,74,206,48,35,122,60,57,186,94,202,96,96,105,113,201,179,59,62,143,4,124,142,150,141,112,54,42,39,44,125,152,187,118,59,54,69,114,178,61,193,179,120,72,16,30,82,160,155,68,42,70,166,72,85,23,173,174,173,171,170,170,197,180,172,236,205,222,176,211,190,202,207,228,211,247,195,196,222,213,223,114,28,26,173,220,147,153,242,154,160,166,191,54,174,170,176,184,184,131
394,160,229,227,206,207,184,166,178,179,168,177,193,216,218,215,199,168,178,142,167,190,172,158,186,92,120,116,185,179,200,87,184,93,40,199,178,178,220,206,90,120,74,208,49,36,123,61,58,188,96,204,98,98,107,115,202,181,60,63,144,5,125,143,150,141,113,55,43,40,45,126,153,187,119,60,55,70,115,179,62,194,180,121,73,17,31,83,160,156,70,42,70,167,73,86,25,174,176,175,172,171,172,198,182,173,237,207,224,177,212,191,204,209,230,212,249,196,197,224,214,225,115,29,27,175,221,148,154,244,156,162,167,193,55,176,172,178,186,186,132
393,160,229,227,206,206,184,166,178,178,168,176,193,216,217,215,199,167,176,141,165,188,170,156,184,90,118,114,183,178,199,85,183,92,38,198,178,178,220,206,88,118,73,208,48,33,121,59,56,188,95,204,98,98,107,115,202,181,58,61,142,2,123,141,149,140,111,54,41,38,44,124,151,186,117,58,53,68,113,177,60,192,178,119,71,15,30,81,159,154,70,40,69,165,71,83,24,174,176,174,172,171,171,198,181,173,237,206,224,177,212,191,203,208,229,212,248,196,197,223,214,224,115,27,25,174,221,148,154,244,156,162,167,193,54,176,172,178,186,186,130
394,161,230,228,207,208,185,167,179,179,169,178,194,217,218,216,200,169,179,143,167,191,173,159,186,92,120,116,185,179,200,87,184,94,40,200,178,179,221,207,90,120,75,209,50,37,124,62,58,188,97,204,98,98,107,115,203,181,60,63,145,5,125,144,151,142,114,56,44,40,46,127,154,188,119,61,56,70,116,179,63,195,181,121,74,18,32,83,161,157,71,43,71,168,74,86,25,175,177,175,173,172,172,199,182,174,238,207,225,178,213,192,204,210,230,213,250,197,198,225,215,225,116,29,28,175,222,149,155,245,157,162,168,194,56,177,172,179,186,187,133
362,116,185,183,162,163,140,122,134,134,123,133,149,172,173,171,155,209,218,183,207,231,213,207,226,132,192,188,225,134,155,147,139,134,91,155,133,110,176,161,130,160,112,139,89,109,163,101,97,119,89,135,49,55,51,51,133,112,133,136,184,79,197,189,223,211,160,65,114,81,63,169,225,228,175,102,102,110,156,219,97,234,221,161,146,91,86,155,201,196,48,113,110,211,147,160,66,130,132,130,128,127,127,154,137,129,193,162,180,133,168,147,159,165,185,168,205,152,153,180,170,180,64,85,97,130,177,104,110,175,112,117,99,149,69,108,103,110,117,118,177
361,115,184,182,161,162,139,121,133,133,122,132,148,171,172,170,154,208,217,182,206,230,212,206,225,131,191,187,224,133,154,146,138,133,90,154,132,109,175,161,129,159,113,138,88,108,162,100,96,118,90,134,50,56,52,52,133,111,132,135,183,80,196,189,222,211,159,65,113,80,62,168,225,227,174,101,101,109,156,218,98,233,220,160,145,92,86,155,200,196,48,112,109,210,147,160,66,129,131,129,127,126,127,153,136,128,192,162,179,132,167,146,159,164,184,167,204,151,152,179,169,179,65,84,96,129,176,103,109,174,111,116,98,148,70,107,102,109,116,117,176
371,126,194,192,171,172,149,131,143,144,133,142,158,181,183,180,165,231,240,205,229,254,235,229,248,154,194,190,247,144,165,161,149,156,113,164,143,148,185,171,152,182,136,184,111,110,185,123,119,164,84,180,89,96,92,91,179,157,134,137,206,79,199,212,225,216,182,88,117,104,85,191,227,250,193,124,124,132,179,241,123,256,243,183,147,92,86,157,223,219,71,117,132,233,147,160,66,139,141,140,137,136,137,163,147,138,202,172,189,142,177,156,169,174,195,177,214,161,162,189,179,190,104,103,102,140,187,113,119,220,121,127,144,158,70,152,149,154,158,162,199
375,129,198,196,175,176,153,135,147,147,137,146,162,185,186,184,168,214,223,188,212,236,218,212,231,137,177,173,230,147,168,144,152,139,96,168,146,127,189,175,135,165,119,156,94,93,168,106,102,135,72,151,56,63,59,59,150,129,117,120,189,62,182,195,208,199,165,71,100,86,68,174,211,233,176,107,107,115,162,224,105,239,226,166,130,75,69,140,206,202,54,100,115,216,130,143,49,143,145,143,141,140,141,167,150,142,206,176,193,146,181,160,173,178,198,181,218,165,166,193,183,193,72,86,85,143,190,117,123,192,125,131,115,162,53,124,120,126,134,134,182
374,128,197,195,174,175,152,134,146,146,136,145,161,184,185,183,167,213,222,187,211,236,217,211,230,136,176,172,229,146,167,143,151,138,95,167,145,128,188,174,134,164,118,157,93,92,167,105,101,136,71,152,57,64,60,60,151,130,116,119,188,61,181,194,207,198,164,70,99,85,67,173,210,232,175,106,106,114,161,223,105,238,225,165,130,74,68,139,205,201,53,99,114,215,129,142,48,142,144,142,140,139,140,166,149,141,205,175,192,145,180,159,172,177,197,180,217,164,165,192,182,192,73,85,84,142,189,116,122,193,124,130,116,161,52,125,121,127,135,135,181
368,122,191,190,168,169,147,128,140,141,130,139,155,179,180,177,162,197,206,171,195,219,200,195,214,120,179,175,213,141,162,134,146,122,78,161,140,120,182,168,118,148,101,150,76,95,151,88,85,130,74,145,64,64,73,76,144,122,119,122,171,64,184,177,209,199,148,53,101,69,50,156,212,215,163,89,90,98,144,207,89,222,208,149,132,76,70,142,189,184,36,101,98,199,132,145,51,136,138,137,135,133,134,161,144,135,199,169,186,140,175,154,166,171,192,174,211,158,159,186,176,187,82,73,85,137,184,110,116,186,118,124,109,155,54,118,113,120,127,128,165
371,125,194,192,171,172,149,131,143,143,132,142,158,181,182,180,164,189,199,163,188,212,193,187,207,113,172,168,206,143,164,127,148,114,71,164,142,119,185,170,111,140,94,149,69,89,143,81,78,129,101,144,57,57,66,70,143,121,113,116,164,69,178,170,203,192,140,46,94,62,43,149,206,208,156,82,83,91,137,200,81,215,201,142,126,80,78,136,181,177,29,93,90,191,128,141,56,139,141,139,137,136,137,163,146,138,202,172,189,142,177,156,169,174,194,177,214,161,162,189,179,189,75,65,78,139,186,113,119,185,121,126,108,158,72,117,112,119,126,127,157
357,111,180,178,157,158,135,117,129,130,119,128,144,167,169,166,150,204,214,178,202,227,208,202,221,127,187,183,220,130,151,142,134,129,86,150,128,109,171,157,125,155,109,139,84,103,158,96,92,118,85,134,70,72,72,72,133,111,127,130,179,72,192,185,218,207,155,61,109,77,58,164,220,223,171,97,98,105,152,214,96,230,216,156,140,84,82,150,196,192,44,108,105,206,140,153,59,125,127,126,123,122,123,149,132,124,188,158,175,128,163,142,155,160,180,163,200,147,148,175,165,175,85,80,92,125,172,99,105,174,107,112,98,144,66,106,102,108,116,117,172
354,108,177,175,154,155,132,114,126,127,116,125,141,164,166,163,147,206,216,180,204,229,210,204,223,129,189,185,222,127,148,144,131,131,88,147,125,102,168,154,127,157,111,132,86,106,160,98,95,112,97,128,56,63,59,59,126,105,130,133,181,85,194,187,220,209,157,63,111,79,60,166,223,225,173,99,100,107,154,216,98,232,218,158,143,97,93,153,198,194,46,110,107,208,145,158,72,122,124,123,120,119,120,146,129,121,185,155,172,125,160,139,152,157,177,160,197,144,145,172,162,172,72,82,94,122,169,96,102,168,104,110,91,141,77,100,96,102,110,110,174
364,119,187,185,164,165,142,124,136,137,126,135,151,174,176,173,158,209,218,183,207,231,213,207,226,132,172,168,225,137,158,139,142,134,91,157,136,133,178,164,130,160,113,162,88,88,163,101,97,142,67,158,67,74,70,69,156,135,112,115,184,57,177,189,203,194,160,65,95,81,63,169,205,228,171,102,102,110,156,219,101,234,221,161,125,69,64,135,201,196,49,94,110,211,125,138,44,132,134,133,130,129,130,156,140,131,195,165,182,135,170,149,162,167,188,170,207,154,155,182,172,183,82,81,79,133,180,106,112,198,114,120,121,151,47,130,126,132,140,140,177
358,113,181,180,158,159,137,119,130,131,120,129,145,169,170,167,152,214,223,188,212,236,217,203,231,137,165,161,230,131,152,132,136,139,85,151,130,135,172,158,135,165,120,172,94,81,169,106,103,151,60,167,77,83,79,79,166,144,105,108,189,50,170,188,196,187,158,73,88,85,70,171,198,233,164,105,100,115,160,224,107,239,225,166,118,63,57,128,206,201,56,88,116,212,118,131,37,127,128,127,125,123,124,151,134,125,190,159,176,130,165,144,156,161,182,164,201,149,150,176,166,177,92,74,73,127,174,100,107,208,108,114,131,145,40,140,136,142,145,150,178
359,114,182,181,159,160,138,120,131,132,121,130,146,170,171,168,153,213,222,187,211,234,216,202,230,136,164,160,229,132,153,131,137,138,84,152,131,136,173,159,134,164,119,171,93,80,167,105,102,150,59,166,76,82,78,78,165,143,104,107,188,49,169,187,195,186,157,72,87,84,69,170,197,232,163,104,99,114,159,223,106,238,224,165,117,61,56,127,205,200,55,87,115,211,117,130,36,128,129,128,126,124,125,152,135,126,191,160,177,131,166,145,157,162,183,166,202,150,151,177,168,178,91,73,71,128,175,101,108,207,109,115,132,146,39,139,134,140,146,149,176
360,114,182,181,160,160,138,120,132,132,121,130,147,170,171,168,153,213,222,187,211,234,216,202,230,136,164,160,229,132,153,131,137,138,84,152,131,136,174,159,134,164,119,170,93,80,167,105,102,150,59,166,76,82,78,78,165,143,104,107,188,49,169,187,195,185,157,72,87,84,69,170,197,231,163,104,99,114,159,223,106,238,224,165,117,61,56,127,205,200,55,86,114,211,117,130,36,128,129,128,126,125,125,152,135,127,191,160,177,131,166,145,157,162,183,166,202,150,151,177,168,178,91,73,71,128,175,102,108,206,110,115,130,146,39,138,134,140,146,149,176
360,114,183,181,160,161,138,120,132,132,122,131,147,170,171,169,153,212,222,186,211,234,216,202,230,135,164,160,229,132,153,130,137,137,84,153,131,136,174,160,134,163,118,170,93,80,167,105,102,150,58,166,75,82,78,78,164,143,104,107,188,49,169,187,194,185,157,72,87,84,69,170,197,231,163,104,99,114,159,222,106,238,224,165,117,61,55,127,204,200,55,86,114,211,117,130,35,128,130,128,126,125,125,152,135,127,191,160,178,131,166,145,157,163,183,166,203,150,151,178,168,178,90,73,71,128,175,102,108,206,110,115,129,147,39,138,134,140,147,148,176
364,119,187,185,164,165,142,124,136,137,126,135,151,174,176,173,158,211,221,185,210,233,215,201,229,134,163,159,228,137,158,129,142,136,83,157,136,136,178,164,133,162,117,166,92,79,166,104,101,146,58,161,71,77,73,73,160,138,103,106,187,48,168,186,193,184,156,69,86,83,66,169,196,230,162,103,98,113,158,221,105,237,223,164,116,60,54,126,203,199,52,85,113,210,116,128,34,132,134,133,130,129,130,156,140,131,195,165,182,135,170,149,162,167,188,170,207,154,155,182,172,183,86,72,70,133,180,106,112,202,114,120,125,151,38,134,129,136,143,144,175
365,120,188,187,165,166,144,126,137,138,127,136,152,176,177,174,159,211,221,185,210,234,216,202,229,135,164,160,228,138,159,131,143,136,84,158,137,135,179,165,133,162,116,165,91,80,166,103,100,144,59,160,70,76,72,72,159,137,104,107,186,49,169,187,194,185,157,68,87,84,65,170,197,230,163,104,99,113,159,222,103,237,223,164,117,61,56,127,203,199,51,86,113,211,117,130,36,134,135,134,132,130,131,158,141,132,197,166,183,137,172,151,163,168,189,172,208,156,157,183,174,184,85,73,71,134,181,107,114,201,115,121,124,152,39,133,128,135,142,143,176
364,118,187,185,164,165,142,124,136,136,126,135,151,174,176,173,157,211,221,185,209,233,215,201,228,134,162,158,227,137,158,129,141,136,82,157,136,137,178,164,132,162,117,166,92,79,166,104,100,146,58,162,71,78,74,73,160,139,102,105,187,47,167,185,193,184,156,69,86,82,67,169,196,230,161,103,98,112,158,221,105,236,223,163,116,60,54,125,203,199,53,85,113,210,116,128,34,132,134,132,130,129,130,156,139,131,195,165,182,135,170,149,162,167,187,170,207,154,155,182,172,182,86,71,70,132,179,106,112,202,114,120,125,151,38,134,130,136,144,144,175
362,116,184,183,162,162,140,122,134,134,123,132,149,172,173,170,155,211,220,185,209,232,214,200,228,134,162,158,227,134,155,129,139,136,82,154,133,138,176,161,132,162,116,168,91,78,165,103,100,148,57,164,73,80,76,76,163,141,102,105,186,47,167,185,192,183,155,70,85,82,67,168,195,229,161,102,97,112,157,221,104,236,222,163,115,59,53,125,203,198,53,84,112,209,115,128,34,130,132,130,128,127,127,154,137,129,193,162,179,133,168,147,159,164,185,168,204,152,153,179,170,180,89,71,69,130,177,104,110,204,112,117,128,149,37,136,132,138,146,146,174
359,149,217,215,194,195,172,155,167,167,156,165,181,204,206,203,188,236,246,210,235,258,240,226,253,159,187,181,252,167,188,154,172,161,108,187,166,171,202,194,158,187,143,200,117,97,191,129,125,180,30,196,105,107,108,107,194,173,96,125,212,73,193,211,218,209,181,96,111,108,93,194,218,255,187,128,123,137,183,246,130,262,248,188,135,73,44,131,228,224,79,110,138,235,103,112,49,162,164,163,160,159,160,187,170,161,225,195,212,165,200,179,192,197,218,200,237,185,186,204,203,202,120,97,95,163,208,137,143,236,144,150,159,181,27,168,164,170,178,178,200
360,150,218,216,195,196,173,156,167,168,157,166,182,205,207,204,189,236,245,210,234,258,239,226,253,159,187,181,252,168,189,154,173,161,108,188,167,172,203,195,157,187,142,201,117,97,191,129,125,181,31,197,106,108,109,108,195,174,95,124,211,74,192,210,218,209,180,97,110,108,94,194,217,255,186,128,122,137,182,246,130,261,248,188,134,74,45,130,228,224,80,110,138,234,102,111,50,163,165,164,161,160,161,188,171,162,226,196,213,166,201,180,193,198,219,201,238,186,187,205,204,203,121,97,94,164,209,138,144,237,145,151,160,182,26,169,165,171,179,179,200
361,151,219,217,196,197,174,157,168,169,158,167,183,206,208,205,189,235,244,209,233,257,239,225,252,158,186,180,251,169,190,153,174,160,107,189,168,173,203,196,156,186,142,202,116,96,190,128,124,182,32,198,107,109,110,109,196,175,95,123,210,74,191,209,217,208,179,98,109,107,95,193,216,254,185,127,122,136,181,245,129,260,247,187,134,74,46,129,227,223,81,109,137,233,101,110,50,164,166,165,162,161,162,188,171,163,227,197,214,167,202,181,194,199,219,202,239,187,188,205,204,203,122,96,93,164,210,138,145,238,146,152,161,183,25,170,166,172,179,180,199
363,142,210,208,187,188,165,148,159,159,149,158,174,197,198,196,180,230,240,204,229,252,234,220,248,154,182,176,247,160,180,148,165,155,102,180,159,164,201,187,152,182,137,193,112,92,185,123,120,173,32,188,98,101,101,100,187,165,91,119,206,67,187,205,212,203,175,90,105,102,88,188,212,249,181,122,117,132,177,241,125,256,242,183,129,67,39,126,222,218,74,104,132,229,105,114,43,155,157,155,153,152,153,179,162,154,218,188,205,158,193,172,185,190,210,193,230,178,179,205,195,205,113,91,89,155,202,129,135,229,137,143,152,174,23,161,156,163,170,171,194
364,143,211,209,188,189,166,149,160,160,150,159,175,198,200,197,181,230,240,204,228,252,234,220,247,153,181,175,246,161,182,148,166,155,102,181,160,165,202,188,151,181,137,194,111,91,185,123,119,174,34,189,99,101,102,101,188,166,91,119,206,66,186,204,212,203,174,90,104,102,87,188,211,249,180,122,117,131,176,240,124,255,242,182,129,66,38,125,222,218,73,104,132,228,104,113,43,156,158,156,154,153,154,180,163,155,219,189,206,159,194,173,186,191,211,194,231,179,180,206,196,206,114,91,89,156,203,130,136,230,138,144,153,175,22,162,158,164,171,172,194
368,138,206,204,183,184,161,143,155,155,145,154,170,193,194,192,176,223,233,197,222,245,227,213,241,146,175,169,240,155,176,141,161,148,95,176,155,160,197,183,145,174,130,188,105,84,178,116,113,168,38,184,94,94,96,96,183,161,84,112,199,60,180,198,205,196,168,83,98,95,80,181,205,242,174,115,110,125,170,233,117,249,235,176,122,60,32,118,215,211,66,97,125,222,97,107,36,151,153,151,149,148,148,175,158,150,214,184,201,154,189,168,180,186,206,189,226,173,174,201,191,201,109,84,82,151,198,125,131,224,133,139,148,170,15,156,152,158,166,167,187
371,126,194,193,171,172,150,132,144,144,134,142,158,182,183,180,165,203,213,177,202,225,207,193,221,126,155,151,220,144,165,121,149,128,75,164,143,148,185,172,125,154,110,177,84,70,158,96,93,157,60,173,74,74,83,84,171,150,94,98,179,39,160,178,185,176,148,63,78,75,60,161,188,222,154,95,90,105,150,213,97,229,215,156,108,52,47,118,195,191,46,77,105,202,107,120,26,140,141,140,138,136,137,164,147,138,203,172,189,143,178,157,169,174,195,178,214,162,163,189,180,190,91,64,62,140,187,114,120,213,121,127,136,158,31,145,141,147,154,155,167
381,151,219,217,196,197,174,157,168,168,158,167,183,206,208,205,189,221,231,195,220,243,225,211,239,145,173,166,238,169,190,139,174,146,93,189,168,173,210,196,143,172,128,202,103,82,176,114,111,181,52,197,101,101,109,109,196,174,81,110,197,58,178,196,203,194,166,90,96,93,87,179,202,240,172,113,108,123,168,232,116,247,233,174,120,58,28,115,213,209,73,95,123,220,94,104,35,164,166,164,162,161,162,188,171,163,227,197,214,167,202,181,194,199,219,202,239,187,188,214,204,214,119,82,80,164,211,138,145,238,146,152,161,183,8,170,165,172,179,180,185
368,123,191,190,168,169,147,129,141,141,131,139,156,179,180,177,162,216,225,190,214,238,219,205,233,139,167,163,232,141,162,134,146,141,87,161,140,145,182,169,137,167,122,174,97,82,171,108,105,154,50,170,79,86,82,81,168,147,94,110,191,51,172,190,198,189,160,75,90,87,72,173,200,235,166,107,102,117,162,226,110,241,227,168,120,61,46,128,208,203,58,90,118,214,107,120,37,137,138,137,135,134,134,161,144,135,200,169,186,140,175,154,166,171,192,175,211,159,160,186,177,187,94,76,75,137,184,111,117,210,118,124,133,155,30,142,138,144,152,152,180
368,123,191,190,168,169,147,129,141,141,130,139,155,179,180,177,162,204,213,178,202,226,207,194,221,127,155,151,220,141,162,122,146,129,76,161,140,145,182,169,125,155,110,174,85,71,159,96,93,154,62,169,74,74,82,81,168,146,95,98,179,40,160,178,186,177,148,63,78,75,61,161,188,223,154,96,90,105,150,214,98,229,216,156,108,52,49,118,196,191,47,78,106,202,108,121,26,137,138,137,135,133,134,161,144,135,200,169,186,140,175,154,166,171,192,174,211,159,160,186,176,187,92,64,63,137,184,111,117,210,118,124,133,155,34,142,138,144,151,152,168
373,128,196,195,173,174,152,134,146,146,135,144,160,184,185,182,167,205,215,179,204,227,209,195,222,128,156,152,221,146,167,123,151,130,77,166,145,150,187,173,126,156,111,179,86,72,160,98,94,159,58,174,76,76,85,86,173,151,93,100,181,41,162,180,187,178,150,65,80,77,62,163,190,224,155,97,92,106,152,215,99,231,217,157,110,54,45,119,197,193,48,79,107,204,106,119,28,142,143,142,140,138,139,166,149,140,204,174,191,145,180,159,171,176,197,179,216,164,165,191,181,192,93,66,64,142,189,116,122,215,123,129,138,160,29,147,142,149,156,157,169
372,127,195,193,172,173,150,133,144,145,134,143,159,182,184,181,165,212,222,186,211,234,216,202,230,135,164,160,228,145,166,130,150,137,84,165,144,149,186,172,134,163,119,178,93,79,167,105,102,158,51,173,83,83,85,85,172,150,90,107,188,48,169,187,194,185,157,72,87,84,69,170,197,231,163,104,99,114,159,222,106,238,224,165,117,57,42,125,204,200,55,86,114,211,104,116,33,140,142,141,138,137,138,164,147,139,203,173,190,143,178,157,170,175,196,178,215,163,164,190,180,191,98,73,71,141,187,114,121,214,122,128,137,159,26,146,141,148,155,156,176
373,128,196,195,173,174,152,134,146,146,136,144,160,184,185,182,167,205,215,179,204,227,209,195,223,128,157,153,221,146,167,123,151,130,77,166,145,150,187,174,127,156,112,179,86,72,160,98,95,159,58,175,76,76,85,86,173,152,93,100,181,41,162,180,187,178,150,65,80,77,62,163,190,224,156,97,92,107,152,215,99,231,217,158,110,54,45,119,197,193,48,79,107,204,106,119,28,142,143,142,140,138,139,166,149,140,205,174,191,145,180,159,171,176,197,180,216,164,165,191,182,192,93,66,64,142,189,116,122,215,123,129,138,160,29,147,143,149,156,157,169
376,131,199,198,176,177,155,137,149,149,139,147,164,187,188,185,170,208,218,182,207,230,212,198,226,131,160,156,224,149,170,126,154,133,80,169,148,153,190,177,130,159,115,182,89,75,163,101,98,162,55,178,79,79,88,89,176,155,90,103,184,44,165,183,190,181,153,68,83,80,65,166,193,227,159,100,95,110,155,218,102,234,220,161,113,56,42,122,200,196,51,82,110,207,103,116,31,145,146,145,143,142,142,169,152,143,208,177,194,148,183,162,174,179,200,183,219,167,168,194,185,195,96,69,67,145,192,119,125,218,126,132,141,163,25,150,146,152,160,160,172
375,130,198,197,175,176,154,136,148,148,137,146,162,186,187,184,169,207,217,181,206,229,211,197,224,130,158,154,223,148,169,125,153,132,79,168,147,152,189,176,129,158,113,181,88,74,162,100,96,161,56,176,78,78,87,88,175,153,91,102,183,43,164,182,189,180,152,67,82,79,64,165,192,226,158,99,94,108,154,217,101,233,219,159,112,56,43,121,199,195,50,81,109,206,104,117,30,144,145,144,142,140,141,168,151,142,207,176,193,147,182,161,173,178,199,181,218,166,167,193,183,194,95,68,66,144,191,118,124,217,125,131,140,162,27,149,144,151,158,159,171
379,134,202,200,179,180,157,139,151,151,141,150,166,189,190,188,172,201,210,174,199,222,204,190,218,124,152,148,217,152,172,119,157,125,72,172,151,152,193,179,122,152,107,181,81,67,155,93,90,161,61,177,71,71,80,88,176,154,88,95,176,36,157,175,182,173,145,60,75,72,57,158,185,219,151,92,87,102,147,211,94,226,212,153,105,49,41,115,192,188,43,74,102,199,101,113,23,147,149,147,145,144,145,171,154,146,210,180,197,150,185,164,177,182,202,185,222,170,171,197,187,197,89,61,59,147,194,121,127,217,129,135,141,166,32,149,145,151,159,160,164
391,145,213,212,191,191,169,151,162,163,152,161,178,201,202,199,184,186,195,160,184,208,189,176,203,109,137,133,202,163,184,104,168,111,57,183,162,158,205,190,107,137,92,188,67,54,141,79,75,167,80,183,77,77,86,94,182,160,77,80,161,22,142,160,168,159,130,66,60,57,63,144,171,205,136,78,73,87,132,196,80,211,198,138,91,35,32,100,178,174,50,60,88,184,90,103,9,159,160,159,157,156,156,183,166,158,222,191,208,162,197,176,188,193,214,197,233,181,182,208,199,209,95,46,45,159,206,133,139,224,141,146,147,178,40,156,151,158,165,166,150
388,142,211,209,188,188,166,148,160,160,150,158,175,198,199,197,181,185,194,159,183,206,188,174,202,108,136,132,201,160,181,103,165,110,56,181,160,161,202,188,106,136,91,190,66,51,139,77,74,170,77,186,80,80,89,97,184,163,75,79,160,20,141,159,166,157,129,69,59,56,61,142,169,203,135,76,71,86,131,195,78,210,196,137,89,33,30,99,177,172,52,58,86,183,89,101,7,156,158,156,154,153,153,180,163,155,219,188,206,159,194,173,185,190,211,194,230,178,179,205,196,206,97,45,43,156,203,130,136,226,138,144,149,175,37,158,154,160,168,168,148
388,143,211,209,188,189,166,148,160,160,150,159,175,198,199,197,181,184,194,158,183,206,188,174,202,107,136,132,201,161,182,102,166,109,56,181,160,161,202,188,106,135,91,190,65,51,139,77,74,170,78,186,80,80,89,97,185,163,75,79,160,20,141,159,166,157,129,69,59,56,61,142,169,203,135,76,71,86,131,194,78,210,196,137,89,33,30,99,176,172,52,58,86,183,88,101,7,156,158,156,154,153,154,180,163,155,219,189,206,159,194,173,186,191,211,194,231,179,180,206,196,206,98,45,43,156,203,130,136,226,138,144,149,175,37,158,154,160,168,168,148
393,147,216,214,193,194,171,153,165,166,155,164,180,203,205,202,186,179,189,153,178,201,183,169,196,102,130,126,195,166,187,97,170,104,51,186,165,165,207,193,101,130,85,195,60,47,134,72,68,175,83,190,85,85,94,101,189,168,70,74,155,16,136,154,161,152,124,66,54,50,56,137,164,198,130,71,66,80,126,189,73,205,191,131,84,28,30,93,171,167,57,53,81,178,84,96,12,161,163,162,159,158,159,185,168,160,224,194,211,164,199,178,191,196,216,199,236,183,184,211,201,211,102,39,38,161,208,135,141,231,143,149,154,180,42,163,159,165,172,173,143
392,148,216,215,194,194,172,154,166,166,156,164,181,204,205,202,187,204,214,178,203,226,208,194,221,127,155,149,220,166,187,122,171,129,76,186,165,167,207,194,126,155,111,197,85,65,159,97,93,177,62,193,87,87,96,104,191,170,74,93,180,41,161,179,186,177,149,76,79,76,73,162,186,223,155,96,91,105,151,214,98,230,216,156,103,41,27,108,196,192,59,78,106,203,87,100,17,162,163,162,160,159,159,186,169,160,225,194,211,165,200,179,191,196,217,200,236,184,185,211,202,212,104,65,63,162,209,136,142,233,143,150,156,180,27,165,161,167,175,175,168
385,141,209,207,186,187,164,146,158,158,148,157,173,196,197,195,179,211,221,185,210,233,215,201,228,134,162,156,227,159,180,129,164,136,83,179,158,163,200,186,133,162,117,192,92,72,166,104,100,172,55,188,82,82,91,99,186,165,81,99,187,47,168,186,193,184,156,71,86,83,68,169,192,230,162,103,98,112,158,221,105,237,223,163,110,47,34,115,203,199,54,85,113,210,94,107,23,154,156,154,152,151,152,178,161,153,217,187,204,157,192,171,184,189,209,192,229,177,178,204,194,204,99,72,69,154,201,128,134,228,136,142,151,173,25,160,156,162,170,170,175
370,144,213,211,190,190,168,150,162,162,152,160,177,200,201,199,183,224,233,198,222,246,227,214,241,147,175,169,240,162,183,142,167,149,96,182,162,167,204,190,145,175,130,195,105,85,179,117,113,175,40,191,95,95,103,103,190,168,85,113,199,60,180,198,206,197,168,84,98,96,81,182,205,243,174,116,110,125,170,234,118,249,236,176,123,60,32,119,216,212,67,98,126,222,98,107,36,158,160,158,156,155,155,182,165,157,221,190,208,161,196,175,187,192,213,196,232,180,181,207,198,208,112,85,83,158,205,132,138,231,140,146,154,177,16,163,159,165,173,173,188
387,142,211,209,188,188,166,148,160,160,150,158,175,198,199,197,181,213,222,187,211,235,216,203,230,136,164,158,229,160,181,131,165,138,84,180,160,165,202,188,134,164,119,194,94,74,168,106,102,174,56,189,84,84,93,100,188,166,83,101,188,49,169,187,195,186,157,72,87,84,70,171,194,232,163,105,99,114,159,223,107,238,225,165,112,49,36,117,205,200,56,87,115,211,96,108,25,156,158,156,154,153,153,180,163,155,219,188,206,159,194,173,185,190,211,194,230,178,179,205,196,206,101,73,71,156,203,130,136,230,138,144,153,175,27,162,158,164,171,172,177
382,151,220,218,197,197,175,157,169,169,159,167,184,207,208,206,190,216,225,190,214,238,219,205,233,139,167,161,232,169,190,134,174,141,88,189,168,174,211,197,137,167,122,202,97,77,171,108,105,182,52,198,102,102,110,110,197,175,75,104,191,53,172,190,198,189,160,91,90,88,88,173,197,235,166,108,102,117,162,226,110,241,228,168,114,53,23,110,208,203,74,90,118,214,88,98,30,165,167,165,163,162,162,189,172,164,228,197,214,168,203,182,194,199,220,203,239,187,188,214,205,215,119,77,74,165,212,139,145,238,147,153,161,184,7,170,166,172,180,180,180
366,145,214,212,191,192,169,151,163,163,153,161,178,201,202,200,184,231,241,205,230,253,235,221,248,154,182,176,247,163,184,149,169,156,103,184,163,168,205,191,152,182,138,197,112,92,186,124,120,176,36,192,102,102,104,104,191,169,92,120,207,68,188,206,213,204,176,91,106,103,88,189,213,250,182,123,118,132,178,241,125,257,243,183,130,68,39,126,223,219,74,105,133,230,105,114,44,159,161,159,157,156,156,183,166,158,222,191,209,162,197,176,188,193,214,197,233,181,182,209,199,209,117,92,90,159,206,133,139,233,141,147,156,178,23,165,160,167,174,175,195
399,152,220,219,197,198,176,158,170,170,159,168,184,208,209,206,191,175,184,149,173,197,178,165,192,98,126,122,191,170,191,93,175,100,47,190,169,170,211,198,96,126,81,200,56,42,130,67,64,180,87,195,89,89,98,106,194,172,66,69,150,11,131,149,157,148,119,62,49,46,52,132,160,194,125,67,61,76,121,185,69,200,187,127,80,23,25,89,167,162,62,49,77,173,79,92,16,166,167,166,164,162,163,190,173,164,229,198,215,169,204,183,195,200,221,204,240,188,189,215,206,216,107,35,34,166,213,140,146,236,147,153,159,184,46,168,163,170,177,178,139
397,153,222,220,199,199,177,159,171,171,161,169,186,209,210,207,192,174,183,148,172,196,177,163,191,97,125,121,190,171,192,92,176,99,45,191,170,171,213,199,95,125,80,201,55,40,128,66,63,181,88,197,91,91,100,107,195,174,65,68,149,9,130,148,156,147,118,61,48,45,51,131,158,193,124,65,60,75,120,184,68,199,185,126,78,22,25,88,166,161,63,48,76,172,78,90,17,167,168,167,165,164,164,191,174,166,230,199,216,170,205,184,196,201,222,205,241,189,190,216,207,217,108,34,32,167,214,141,147,237,149,155,160,186,48,169,165,171,178,179,137
397,154,223,221,200,200,178,160,172,172,161,170,187,210,211,209,193,173,182,147,171,194,176,162,190,96,124,120,189,172,193,91,177,98,44,193,171,172,214,200,94,124,78,202,53,40,127,65,62,181,90,197,91,91,100,108,196,174,64,67,148,9,129,147,154,145,117,59,47,44,49,130,157,191,123,64,59,74,119,183,66,198,184,125,77,21,27,87,165,160,64,46,74,171,77,90,18,168,170,168,166,165,165,192,175,167,231,200,218,171,206,185,197,202,223,206,242,190,191,217,208,218,109,33,31,168,215,142,148,238,150,155,161,187,49,170,165,172,179,180,136
397,154,222,221,199,200,178,160,172,172,162,170,187,210,211,208,193,173,182,147,171,195,176,162,190,96,124,120,189,172,193,91,177,98,44,192,171,172,213,200,94,124,79,202,54,40,128,65,62,182,89,197,92,92,101,108,196,174,64,67,148,9,129,147,155,146,117,60,47,44,50,130,157,192,123,65,59,74,119,183,67,198,184,125,77,21,26,87,165,160,64,47,75,171,77,90,18,168,169,168,166,165,165,192,175,166,231,200,217,171,206,185,197,202,223,206,242,190,191,217,208,218,109,33,32,168,215,142,148,238,149,155,161,186,49,170,165,172,179,180,137
395,156,225,223,202,202,180,162,174,174,164,172,189,212,213,211,195,173,182,147,171,195,176,163,190,96,124,120,189,174,195,91,179,98,45,194,174,174,216,202,94,124,79,204,54,40,128,66,62,184,91,199,94,94,103,110,198,177,63,67,148,7,129,147,155,146,117,60,47,44,50,131,158,192,123,65,60,74,119,183,67,198,185,125,78,21,27,87,165,161,66,47,75,171,76,89,20,170,172,170,168,167,167,194,177,169,233,202,220,173,208,187,199,204,225,208,244,192,193,219,210,220,111,33,32,170,217,144,150,240,152,158,163,189,50,172,168,174,181,182,137
396,154,223,221,200,201,178,160,172,173,162,171,187,210,212,209,193,172,182,146,170,194,176,162,189,95,123,119,188,173,194,90,178,97,43,193,172,172,214,200,93,123,78,202,53,40,127,65,61,182,90,198,92,92,101,108,196,175,63,66,148,9,128,146,154,145,117,59,47,43,49,130,157,191,122,64,59,73,119,182,66,198,184,124,77,21,28,86,164,160,64,46,74,171,77,89,19,168,170,169,166,165,166,192,175,167,231,201,218,171,206,185,198,203,223,206,243,190,191,218,208,219,109,32,31,168,215,142,148,238,150,156,161,187,49,170,166,172,180,180,136
395,157,225,223,202,203,180,162,174,174,164,173,189,212,213,211,195,173,182,147,171,195,176,162,190,96,124,120,189,174,195,91,180,98,44,195,174,175,216,202,94,124,79,204,54,40,128,65,62,184,92,200,94,94,103,111,198,177,63,67,148,7,129,147,155,146,117,60,47,44,50,130,157,192,123,64,59,74,119,183,66,198,184,125,77,21,26,87,165,160,66,47,75,171,76,89,20,170,172,170,168,167,168,194,177,169,233,203,220,173,208,187,200,205,225,208,245,193,193,220,210,220,111,33,32,170,217,144,150,240,152,158,163,189,50,172,168,174,182,182,137
395,156,224,222,201,202,179,162,173,174,163,172,188,211,213,210,194,171,181,145,170,193,175,161,188,94,122,118,187,174,195,89,179,96,43,194,173,174,215,201,93,122,78,203,52,38,126,64,60,183,91,199,93,93,102,110,198,176,62,66,147,7,128,146,153,144,116,58,46,43,48,129,156,190,122,63,58,72,118,181,65,197,183,123,76,20,27,85,163,159,65,45,73,170,75,88,19,169,171,170,167,166,167,193,176,168,232,202,219,172,207,186,199,204,224,207,244,192,193,219,209,219,111,32,30,169,216,143,150,239,151,157,162,188,50,171,167,173,181,181,135
394,156,225,223,202,202,180,162,174,174,164,172,189,212,213,211,195,171,180,145,169,192,174,160,188,94,122,118,187,174,195,89,180,96,42,195,174,175,216,202,92,122,77,204,52,37,125,63,60,184,91,200,94,94,103,111,198,177,61,65,146,6,127,145,152,143,115,58,45,42,47,128,155,189,121,62,57,72,117,181,64,196,182,123,75,19,27,85,163,158,66,44,72,169,75,87,20,170,172,170,168,167,167,194,177,169,233,202,220,173,208,187,199,204,225,208,244,192,193,220,210,220,111,31,29,170,217,144,150,240,152,158,163,189,51,172,168,174,182,182,134
394,157,225,224,202,203,181,163,175,175,165,173,190,213,214,211,196,170,179,144,168,192,173,159,187,93,121,117,186,175,196,88,180,95,41,195,174,175,216,203,91,121,76,205,51,37,125,62,59,185,92,200,95,95,104,111,199,177,61,64,145,6,126,144,152,143,114,57,44,41,47,127,154,189,120,62,56,71,116,180,64,195,181,122,74,18,28,84,162,157,67,44,72,168,74,87,21,171,172,171,169,168,168,195,178,170,234,203,220,174,209,188,200,205,226,209,245,193,194,220,211,221,112,30,29,171,218,145,151,241,152,158,164,189,52,173,168,175,182,183,134
392,158,227,225,204,205,182,164,176,176,166,175,191,214,215,213,197,170,179,144,168,192,173,159,187,93,121,117,186,176,197,88,182,95,42,197,176,177,218,204,91,121,76,206,51,37,125,62,59,186,94,202,96,96,105,113,200,179,61,64,145,4,126,144,152,143,114,57,44,41,47,127,154,189,120,62,56,71,116,180,64,195,182,122,74,18,28,84,162,157,68,44,72,168,74,87,22,172,174,172,170,169,169,196,179,171,235,204,222,175,210,189,201,207,227,210,247,194,195,222,212,222,113,30,29,172,219,146,152,242,154,160,165,191,51,174,170,176,184,184,134
391,160,228,226,205,206,184,166,178,178,167,176,192,215,217,214,199,169,178,143,167,190,172,158,186,92,120,116,185,178,199,87,183,94,40,198,177,178,219,205,90,120,75,208,49,35,123,61,58,187,95,203,97,97,106,114,202,180,59,63,144,3,125,143,150,141,113,55,43,40,45,126,153,187,119,60,55,70,115,179,62,194,180,121,73,17,28,83,161,156,70,42,70,167,73,85,24,173,175,174,171,170,171,198,181,172,236,206,223,176,211,190,203,208,229,211,248,196,197,223,213,224,115,29,27,174,221,148,154,244,155,161,167,192,52,176,171,178,185,186,132
384,139,207,205,184,185,162,144,156,157,146,155,171,194,196,193,178,196,206,170,195,218,200,186,214,119,148,144,212,157,178,114,162,121,68,177,156,153,198,184,118,147,102,183,77,64,151,89,85,162,74,178,72,72,81,89,177,155,88,91,172,33,153,171,178,169,141,61,71,67,58,154,181,215,147,88,83,98,143,206,90,222,208,149,101,45,42,110,188,184,45,70,98,195,101,113,19,152,154,153,150,149,150,176,160,151,215,185,202,155,190,169,182,187,208,190,227,174,175,202,192,203,90,56,55,153,199,126,132,219,134,140,142,171,42,151,146,153,160,161,160
368,122,191,189,168,169,146,128,140,140,129,139,155,178,179,177,161,215,224,189,213,237,219,213,232,138,188,184,231,140,161,153,145,140,97,161,139,116,182,167,136,166,110,145,93,104,169,107,103,125,83,141,46,53,49,48,139,118,128,131,190,73,193,195,218,209,166,71,111,87,69,175,221,234,181,108,108,116,162,225,94,240,227,167,141,85,79,151,207,203,54,110,116,217,141,154,60,136,138,136,134,133,133,160,143,135,199,168,186,139,174,153,166,171,191,174,211,158,159,186,176,186,61,91,95,136,183,110,116,181,118,123,105,155,63,114,109,116,123,124,183
368,122,191,189,168,169,146,128,140,141,130,139,155,178,180,177,161,207,217,181,206,230,211,205,224,131,170,166,223,141,162,137,146,132,89,161,140,131,182,168,129,158,112,160,87,87,161,99,96,140,66,156,63,70,66,65,155,133,110,113,182,55,175,188,201,192,158,64,93,80,61,167,204,226,169,100,101,108,155,217,99,233,219,160,124,68,62,133,199,195,47,93,108,209,124,136,42,136,138,137,134,133,134,160,143,135,199,169,186,139,174,153,166,171,192,174,211,158,159,186,176,187,78,79,78,136,183,110,116,196,118,124,120,155,46,128,124,130,138,138,175
369,124,192,191,169,170,148,130,141,142,131,140,156,180,181,178,163,209,218,183,207,231,212,207,226,132,172,168,225,142,163,138,147,134,90,162,141,132,183,169,130,160,113,161,88,88,163,100,97,141,67,157,62,69,65,64,156,134,112,115,183,57,177,189,202,193,160,65,95,81,62,168,205,227,171,101,102,110,156,219,101,234,220,161,125,69,63,135,201,196,48,94,110,210,125,138,43,138,139,138,136,134,135,162,145,136,201,170,187,141,176,155,167,172,193,175,212,160,161,187,177,188,77,81,79,138,185,111,118,197,119,125,121,156,47,130,125,132,139,140,177
364,119,187,186,164,165,143,124,136,137,126,135,151,175,176,173,158,212,221,186,210,234,215,210,229,135,191,187,228,137,158,149,142,137,93,157,136,113,178,164,133,163,110,142,91,107,166,103,100,122,86,137,46,53,49,48,136,115,131,134,186,76,196,192,222,213,163,68,114,84,65,171,224,230,178,104,105,113,159,222,94,237,223,164,144,89,83,154,204,199,51,114,113,214,144,157,63,133,134,133,131,129,130,157,140,131,196,165,182,136,171,150,162,167,188,170,207,155,156,182,172,183,61,88,99,133,180,106,112,178,114,120,101,151,67,110,106,112,120,120,180
364,118,187,185,164,165,142,124,136,136,126,135,151,174,175,173,157,211,220,185,209,234,215,209,228,134,192,188,227,137,157,149,141,136,93,157,135,112,178,164,132,162,110,141,91,108,165,103,99,121,87,137,46,53,49,49,136,114,132,135,186,77,197,192,222,213,162,68,115,84,65,171,225,230,178,104,104,112,159,221,95,236,223,163,145,89,83,154,203,199,51,114,112,213,145,157,63,132,134,132,130,129,130,156,139,131,195,165,182,135,170,149,162,167,187,170,207,154,155,182,172,182,62,87,99,132,179,106,112,177,114,119,101,151,67,110,105,112,119,120,179
369,123,192,190,169,169,147,129,140,141,130,139,156,179,180,177,162,216,225,190,214,238,220,214,233,139,192,188,232,141,162,153,146,141,97,161,140,117,183,168,137,167,108,146,92,108,170,108,104,126,87,142,45,51,47,47,140,119,132,135,190,77,197,196,222,213,167,71,115,88,70,175,225,235,182,108,109,117,163,226,93,241,227,168,145,89,84,155,208,203,55,114,114,218,145,158,64,137,138,137,135,134,134,161,144,136,200,169,186,140,175,154,166,171,192,175,211,159,160,186,177,187,60,92,99,137,184,110,117,182,119,124,106,156,67,114,110,116,124,125,184
374,128,197,195,174,175,152,134,146,147,136,145,161,184,186,183,167,221,231,195,220,244,225,219,238,144,197,193,237,147,168,159,151,146,103,167,145,122,188,174,142,172,115,151,99,113,175,113,110,131,92,147,52,58,54,54,146,125,137,140,196,82,202,202,227,218,172,78,120,94,75,181,230,240,188,114,115,122,169,231,100,247,233,173,150,94,88,160,213,209,61,119,121,223,150,163,68,142,144,143,140,139,140,166,149,141,205,175,192,145,180,159,172,177,197,180,217,164,165,192,182,192,67,97,104,142,189,116,122,187,124,130,111,161,72,120,116,122,129,130,189
359,114,182,181,159,160,138,119,131,132,121,130,146,170,171,168,153,201,210,175,199,223,205,199,218,124,184,180,217,132,153,139,137,126,83,152,131,108,173,159,122,152,105,137,81,101,155,93,89,117,97,133,57,63,59,59,132,110,125,128,176,80,189,181,215,203,152,57,106,73,55,161,217,220,167,94,94,102,148,211,93,226,213,153,138,91,90,147,193,188,40,105,102,203,140,153,67,128,129,128,126,124,125,152,135,126,191,160,177,131,166,145,157,162,183,165,202,150,150,177,167,178,72,77,89,128,175,101,107,173,109,115,96,146,77,105,101,107,115,115,169
388,144,212,210,189,190,167,150,161,161,151,160,176,199,201,198,182,204,213,178,202,226,207,193,221,127,155,149,220,162,183,122,167,129,76,182,161,166,203,189,125,155,110,195,85,65,159,96,93,174,58,190,85,85,94,102,189,167,74,93,179,40,160,178,186,177,148,74,78,76,71,161,185,223,154,96,90,105,150,214,98,229,216,156,103,40,27,108,196,191,57,78,106,202,87,100,16,157,159,158,155,154,155,181,164,156,220,190,207,160,195,174,187,192,212,195,232,180,181,207,197,207,102,65,62,157,204,131,138,231,139,145,154,176,27,163,158,165,172,173,168
395,151,219,217,196,197,174,157,168,168,158,167,183,206,208,205,189,199,208,173,197,221,202,189,216,122,150,144,215,169,190,117,174,124,71,189,168,169,210,196,120,150,105,198,80,60,154,92,88,178,65,194,88,88,97,105,193,171,69,88,174,35,155,173,181,172,143,77,73,70,74,157,180,218,149,91,85,100,145,209,93,224,211,151,98,35,22,103,191,187,60,73,101,197,82,95,9,164,166,164,162,161,162,188,171,163,227,197,214,167,202,181,194,199,219,202,239,187,188,214,204,214,106,59,58,164,211,138,145,234,146,152,157,183,22,166,162,168,176,176,163
363,152,220,218,197,198,175,158,169,170,159,168,184,207,209,206,190,232,242,206,231,254,236,222,250,155,184,178,249,170,191,150,175,157,104,190,169,174,206,197,154,183,139,203,114,93,187,125,122,183,34,199,103,103,111,110,197,176,92,121,208,69,189,207,214,205,177,92,107,104,89,190,214,251,183,124,119,134,179,242,126,258,244,185,131,69,41,126,224,220,75,106,134,231,99,108,45,165,167,166,163,162,163,189,172,164,228,198,215,168,203,182,195,200,221,203,240,188,189,208,205,206,121,93,91,166,212,139,146,239,147,153,162,184,22,171,167,173,181,181,196
373,133,201,200,178,179,157,139,151,151,140,149,165,189,190,187,172,215,225,189,214,237,219,205,232,138,166,160,231,151,172,133,156,140,87,171,150,155,192,178,137,166,122,184,96,76,170,108,104,164,42,180,86,86,92,91,178,157,85,104,191,52,172,190,197,188,160,75,90,87,72,173,197,234,166,107,102,116,162,225,109,241,227,168,114,52,33,119,207,203,58,89,117,214,98,108,28,147,148,147,145,143,144,171,154,145,209,179,196,150,185,164,176,181,202,184,221,169,170,196,186,197,104,76,74,147,194,121,127,220,128,134,143,165,17,152,148,154,162,162,179
397,151,220,218,197,198,175,157,169,169,158,167,184,207,208,206,190,192,202,166,191,214,196,182,209,115,143,139,208,169,190,110,174,117,64,190,168,152,211,197,114,143,98,181,73,60,147,85,81,161,87,177,71,71,80,88,176,154,84,87,168,28,149,167,174,165,137,60,67,63,57,150,177,211,143,84,79,93,139,202,86,218,204,144,97,41,38,106,184,180,43,66,94,191,97,109,16,165,167,165,163,162,162,189,172,164,228,197,215,168,203,182,194,199,220,203,240,187,188,215,205,215,89,52,51,165,212,139,145,217,147,152,141,184,46,149,145,151,159,159,156
389,144,212,210,189,190,167,149,161,161,151,160,176,199,200,198,182,201,211,175,200,223,205,191,219,124,153,149,217,161,182,119,167,126,73,182,161,162,203,189,123,152,107,191,82,66,156,94,90,171,63,187,81,81,90,98,185,164,75,94,177,37,158,176,183,174,146,70,76,73,67,159,186,220,152,93,88,102,148,211,95,227,213,154,104,42,28,109,193,189,53,75,103,200,88,101,18,157,159,157,155,154,154,181,164,156,220,189,207,160,195,174,186,192,212,195,232,179,180,207,197,207,98,62,60,157,204,131,137,227,139,145,150,176,28,159,155,161,169,169,165
383,138,206,205,183,184,162,144,156,156,145,154,170,194,195,192,177,196,205,170,194,218,199,186,213,119,147,143,212,156,177,114,161,121,67,176,155,156,197,184,117,147,102,186,77,63,151,88,85,165,69,181,75,75,84,92,180,158,81,90,171,32,152,170,178,169,140,64,70,67,62,153,180,215,146,88,82,97,142,206,89,221,208,148,100,44,34,110,188,183,48,70,98,194,94,107,18,152,153,152,150,148,149,176,159,150,215,184,201,155,190,169,181,186,207,189,226,174,175,201,191,202,93,56,55,152,199,126,132,222,133,139,145,170,34,154,149,156,163,164,160
375,130,198,197,175,176,154,135,147,148,137,146,162,186,187,184,169,223,232,196,221,245,226,221,240,146,198,194,239,148,169,160,153,147,104,168,147,124,189,175,144,174,117,153,100,114,177,114,111,132,93,148,53,59,55,55,147,126,138,141,197,83,203,203,229,220,174,79,121,95,76,182,231,241,189,115,116,124,170,233,101,248,234,175,151,95,90,161,215,210,62,121,123,224,151,164,70,144,145,144,142,140,141,168,151,142,207,176,193,147,182,161,173,178,199,181,218,166,166,193,183,194,68,99,106,144,191,117,123,189,125,131,112,162,74,121,117,123,131,131,191
353,150,218,216,195,196,173,155,167,167,157,166,182,205,206,204,188,239,248,213,237,261,242,229,256,162,190,184,255,167,188,157,173,164,111,188,167,172,195,195,160,190,145,201,120,100,194,131,128,181,29,196,106,110,109,108,195,173,100,128,214,75,195,213,221,212,183,99,113,111,96,196,220,258,189,131,125,140,185,249,133,264,251,191,138,75,47,134,231,226,82,113,141,237,107,116,51,163,165,163,161,160,161,187,170,162,226,196,213,166,201,180,193,198,218,201,238,186,186,197,196,196,121,100,97,163,202,137,143,237,145,151,160,182,31,169,164,171,178,179,203
369,138,206,204,183,184,162,144,156,156,145,154,170,193,195,192,177,228,237,202,226,249,231,217,245,151,179,173,244,156,177,146,161,152,99,176,155,160,197,183,149,179,134,189,109,89,182,120,117,169,39,185,94,98,97,97,183,162,88,116,203,64,184,202,209,200,172,87,102,99,85,185,209,246,178,119,114,129,174,238,122,253,239,180,126,64,36,123,220,215,71,101,129,226,102,111,40,151,153,152,149,148,149,176,159,150,214,184,201,154,189,168,181,186,207,189,226,174,175,201,191,202,109,88,86,152,199,126,132,225,133,139,148,170,20,157,153,159,167,167,191
367,157,225,223,202,203,180,163,174,174,164,173,189,212,214,211,195,237,246,211,235,259,240,226,254,160,188,182,253,175,196,155,180,162,109,195,174,179,209,202,158,188,143,208,118,98,192,129,126,188,38,203,113,114,116,115,202,180,96,125,212,80,193,211,219,210,181,103,111,109,100,194,218,256,187,129,123,138,183,247,131,262,248,189,135,80,50,130,229,224,86,111,139,235,103,112,56,170,172,170,168,167,168,194,177,169,233,203,220,173,208,187,200,205,225,208,245,193,194,211,210,209,128,98,95,170,216,144,151,244,152,158,167,189,27,176,172,178,185,186,201
351,152,219,218,197,198,175,158,169,170,159,168,184,207,209,206,191,240,250,214,239,262,244,230,258,164,192,186,257,170,191,158,175,165,112,190,169,174,193,197,162,191,147,203,122,102,195,133,130,183,31,198,108,111,111,110,197,175,101,129,216,77,197,215,222,213,185,100,115,112,98,198,222,259,191,132,127,142,187,251,135,266,252,193,139,77,49,136,232,228,84,114,142,239,104,114,53,165,167,166,163,162,163,189,173,164,223,198,215,168,203,182,195,200,220,203,239,188,189,195,194,193,123,101,99,166,200,139,146,239,147,153,162,184,33,171,166,173,180,181,204
361,146,214,212,191,192,170,152,164,164,153,162,178,201,203,200,185,233,243,207,232,255,237,223,250,156,184,178,249,164,185,151,169,158,105,184,163,168,204,191,155,184,140,197,114,94,188,126,122,177,32,193,102,104,105,104,191,170,94,122,209,70,190,208,215,206,178,93,108,105,90,191,215,252,184,125,120,134,180,243,127,259,245,185,132,70,41,128,225,221,76,107,135,232,106,115,46,159,161,160,157,156,157,184,167,158,222,192,209,162,197,176,189,194,215,197,234,182,183,206,199,204,117,94,92,160,207,134,140,233,141,147,156,178,25,165,161,167,175,175,197
358,113,181,180,158,159,137,119,130,131,120,129,146,169,170,167,152,206,215,180,204,228,210,204,223,129,189,185,222,131,152,143,136,131,87,151,130,107,172,158,127,157,110,136,85,105,160,98,94,116,92,131,52,58,55,54,130,109,130,132,180,82,194,186,219,208,157,62,110,78,59,165,222,225,172,98,99,107,153,216,98,231,217,158,143,94,89,152,198,193,45,110,107,208,145,157,69,127,128,127,125,124,124,151,134,126,190,159,176,130,165,144,156,161,182,165,201,149,150,176,167,177,67,82,94,127,174,100,107,172,108,114,95,145,73,104,100,106,114,114,174
357,111,180,178,157,158,136,117,129,130,119,128,144,168,169,166,151,205,215,179,203,228,209,203,222,128,188,184,221,130,151,143,135,130,87,150,129,104,171,157,126,156,110,134,85,105,159,97,94,113,94,129,54,61,57,56,128,106,129,132,180,84,193,186,219,208,156,62,110,78,59,165,222,224,172,98,99,106,153,215,97,231,217,157,142,96,91,152,197,193,45,109,106,207,144,157,71,125,127,126,124,122,123,150,133,124,188,158,175,128,163,142,155,160,181,163,200,147,148,175,165,176,69,81,93,126,173,99,105,170,107,113,93,144,75,102,97,104,111,112,173
357,111,180,178,157,158,135,117,129,129,118,128,144,167,168,166,150,207,216,181,205,229,211,205,224,130,190,186,223,129,150,144,134,132,88,150,128,102,171,156,128,158,111,132,86,106,161,99,95,112,97,128,57,63,59,59,126,104,131,133,181,86,195,187,220,209,158,63,111,79,60,166,223,226,173,99,100,108,154,217,99,232,218,159,144,97,93,153,199,194,46,111,108,209,146,158,73,125,127,125,123,122,122,149,132,124,188,157,175,128,163,142,154,160,180,163,200,147,148,175,165,175,72,83,95,125,172,99,105,168,107,112,91,144,77,100,95,102,109,110,175
357,111,180,178,157,158,135,117,129,130,119,128,144,167,169,166,150,203,213,177,201,226,207,201,220,126,186,182,219,130,151,141,134,128,85,150,128,105,171,157,124,154,108,135,83,103,157,95,92,115,96,130,56,62,58,58,129,108,127,130,178,82,191,184,217,206,154,60,108,76,57,163,220,222,170,96,97,104,151,213,95,229,215,155,140,94,92,150,195,191,43,107,104,205,142,155,69,125,127,126,123,122,123,149,132,124,188,158,175,128,163,142,155,160,180,163,200,147,148,175,165,175,71,79,92,125,172,99,105,171,107,113,94,144,76,103,99,105,112,113,171
